Position,89,89,89,89,89,89,89,89,89,89,89,90,90,90,90,90,90,90,90,90,91,91,91,91,91,91,91,91,91,91,91,91,91,91,91,96,96,96,96,96,96,96,96,96,96,96,96,96,96,96,96,96,97,97,97,97,97,97,97,97,97,97,97,97
Amino_Acid,A,C,F,G,K,L,N,Q,S,T,Y,A,F,I,L,M,R,S,T,V,D,E,F,H,I,L,M,N,P,R,S,T,V,W,Y,A,D,E,F,G,H,I,K,N,P,Q,R,S,T,V,W,Y,A,D,E,F,G,I,K,L,M,S,T,V
psgroup G001 count,0,0,0,1,0,0,0,2,0,0,0,1,0,0,0,0,0,2,0,0,1,0,0,0,0,1,0,0,0,0,0,0,0,0,1,0,1,1,0,1,0,0,0,0,0,0,0,0,0,0,0,0,0,0,0,0,0,0,0,0,0,0,0,3
psgroup G002 count,0,2,0,1,0,0,0,10,2,0,0,0,0,0,0,0,0,14,1,0,0,0,1,1,0,1,0,1,1,7,1,0,0,1,1,1,0,0,0,3,0,0,1,0,1,0,6,0,0,1,2,0,0,0,0,0,1,0,0,1,0,0,0,13
psgroup G003 count,3,148,1,14,1,1,23,84,347,3,5,15,1,1,8,1,2,596,1,5,1,1,11,0,1,20,1,1,9,3,6,1,4,15,556,19,21,453,1,13,2,1,0,4,0,2,11,6,52,17,8,20,3,7,8,124,3,31,1,80,12,10,2,349
